Inicio
array([[[-1.45955991e-01,  4.20648987e-01]],
       [[-1.26138545e-01,  4.00705733e-01]],
       [[-1.06659383e-01,  3.80860096e-01]],
       [[-8.77023430e-02,  3.61154804e-01]],
       [[-6.94794117e-02,  3.41634052e-01]],
       [[-5.22275561e-02,  3.22343075e-01]],
       [[-3.62008593e-02,  3.03327692e-01]],
       [[-2.16567928e-02,  2.84633835e-01]],
       [[-8.83663258e-03,  2.66307066e-01]],
       [[ 2.05800765e-03,  2.48392093e-01]],
       [[ 1.08884352e-02,  2.30932285e-01]],
       [[ 1.75967669e-02,  2.13969202e-01]],
       [[ 2.22142498e-02,  1.97542138e-01]],
       [[ 2.48585853e-02,  1.81687686e-01]],
       [[ 2.57219586e-02,  1.66439326e-01]],
       [[ 2.50533909e-02,  1.51827048e-01]],
       [[ 2.31391729e-02,  1.37877012e-01]],
       [[ 2.02840564e-02,  1.24611253e-01]],
       [[ 1.67945110e-02,  1.12047435e-01]],
       [[ 1.29643559e-02,  1.00198666e-01]],
       [[ 9.06264073e-03,  8.90733678e-02]],
       [[ 5.32365873e-03,  7.86752218e-02]],
       [[ 1.93918586e-03,  6.90031785e-02]],
       [[-9.46765197e-04,  6.00515409e-02]],
       [[-3.24034284e-03,  5.18101164e-02]],
       [[-4.89722042e-03,  4.42644368e-02]],
       [[-5.91901922e-03,  3.73960398e-02]],
       [[-6.34719398e-03,  3.11828044e-02]],
       [[-6.25502621e-03,  2.55993330e-02]],
       [[-5.73849351e-03,  2.06173693e-02]],
       [[-4.90678710e-03,  1.62062419e-02]],
       [[-3.87317005e-03,  1.23333225e-02]],
       [[-2.74674780e-03,  8.96448905e-03]],
       [[-1.62558838e-03,  6.06458328e-03]],
       [[-5.91494585e-04,  3.59785438e-03]],
       [[ 2.93404628e-04,  1.52838077e-03]],
       [[ 9.88212582e-04, -1.79536189e-04]],
       [[ 1.47307470e-03, -1.56101171e-03]],
       [[ 1.74746083e-03, -2.65025396e-03]],
       [[ 1.82723576e-03, -3.48027989e-03]],
       [[ 1.74089436e-03, -4.08267177e-03]],
       [[ 1.52536024e-03, -4.48737479e-03]],
       [[ 1.22173346e-03, -4.72253523e-03]],
       [[ 8.71329131e-04, -4.81437785e-03]],
       [[ 5.12282770e-04, -4.78712069e-03]],
       [[ 1.76918245e-04, -4.66292481e-03]],
       [[-1.10012286e-04, -4.46187643e-03]],
       [[-3.32192229e-04, -4.20199829e-03]],
       [[-4.81761531e-04, -3.89928716e-03]],
       [[-5.58612255e-04, -3.56777423e-03]],
       [[-5.69122759e-04, -3.21960507e-03]],
       [[-5.24521214e-04, -2.86513592e-03]],
       [[-4.39075815e-04, -2.51304303e-03]],
       [[-3.28297404e-04, -2.17044212e-03]],
       [[-2.07313503e-04, -1.84301504e-03]],
       [[-8.95352320e-05, -1.53514076e-03]],
       [[ 1.43050285e-05, -1.25002847e-03]],
       [[ 9.67123406e-05, -9.89850279e-04]],
       [[ 1.53593442e-04, -7.55871695e-04]],
       [[ 1.84071253e-04, -5.48578055e-04]]])

Inicio
    [array([[-0.14595599,  0.42064899]]),
    array([[-0.12613855,  0.40070573]]),
    array([[-0.10665938,  0.3808601 ]]),
    array([[-0.08770234,  0.3611548 ]]),
    array([[-0.06947941,  0.34163405]]),
    array([[-0.05222756,  0.32234308]]),
    array([[-0.03620086,  0.30332769]]),
    array([[-0.02165679,  0.28463383]]),
    array([[-0.00883663,  0.26630707]]),
    array([[0.00205801, 0.24839209]]),
    array([[0.01088844, 0.23093228]]),
    array([[0.01759677, 0.2139692 ]]),
    array([[0.02221425, 0.19754214]]),
    array([[0.02485859, 0.18168769]]),
    array([[0.02572196, 0.16643933]]),
    array([[0.02505339, 0.15182705]]),
    array([[0.02313917, 0.13787701]]),
    array([[0.02028406, 0.12461125]]),
    array([[0.01679451, 0.11204744]]),
    array([[0.01296436, 0.10019867]]),
    array([[0.00906264, 0.08907337]]),
    array([[0.00532366, 0.07867522]]),
    array([[0.00193919, 0.06900318]]),
    array([[-0.00094677,  0.06005154]]),
    array([[-0.00324034,  0.05181012]]),
    array([[-0.00489722,  0.04426444]]),
    array([[-0.00591902,  0.03739604]]),
    array([[-0.00634719,  0.0311828 ]]),
    array([[-0.00625503,  0.02559933]]),
    array([[-0.00573849,  0.02061737]]),
    array([[-0.00490679,  0.01620624]]),
    array([[-0.00387317,  0.01233332]]),
    array([[-0.00274675,  0.00896449]]),
    array([[-0.00162559,  0.00606458]]),
    array([[-0.00059149,  0.00359785]]),
    array([[0.0002934 , 0.00152838]]),
    array([[ 0.00098821, -0.00017954]]),
    array([[ 0.00147307, -0.00156101]]),
    array([[ 0.00174746, -0.00265025]]),
    array([[ 0.00182724, -0.00348028]]),
    array([[ 0.00174089, -0.00408267]]),
    array([[ 0.00152536, -0.00448737]]),
    array([[ 0.00122173, -0.00472254]]),
    array([[ 0.00087133, -0.00481438]]),
    array([[ 0.00051228, -0.00478712]]),
    array([[ 0.00017692, -0.00466292]]),
    array([[-0.00011001, -0.00446188]]),
    array([[-0.00033219, -0.004202  ]]),
    array([[-0.00048176, -0.00389929]]),
    array([[-0.00055861, -0.00356777]]),
    array([[-0.00056912, -0.00321961]]),
    array([[-0.00052452, -0.00286514]]),
    array([[-0.00043908, -0.00251304]]),
    array([[-0.0003283 , -0.00217044]]),
    array([[-0.00020731, -0.00184302]]),
    array([[-8.95352320e-05, -1.53514076e-03]]),
    array([[ 1.43050285e-05, -1.25002847e-03]]),
    array([[ 9.67123406e-05, -9.89850279e-04]]),
    array([[ 0.00015359, -0.00075587]]),
    array([[ 0.00018407, -0.00054858]])]
    Inicio
    [array([[ 0.00018407, -0.00054858]]),
    array([[ 0.00018039, -0.00053761]]),
    array([[ 0.00017678, -0.00052685]]),
    array([[ 0.00017325, -0.00051632]]),
    array([[ 0.00016978, -0.00050599]]),
    array([[ 0.00016639, -0.00049587]]),
    array([[ 0.00016306, -0.00048595]]),
    array([[ 0.0001598 , -0.00047623]]),
    array([[ 0.0001566 , -0.00046671]]),
    array([[ 0.00015347, -0.00045738]]),
    array([[ 0.0001504 , -0.00044823]]),
    array([[ 0.00014739, -0.00043926]]),
    array([[ 0.00014444, -0.00043048]]),
    array([[ 0.00014155, -0.00042187]]),
    array([[ 0.00013872, -0.00041343]]),
    array([[ 0.00013595, -0.00040516]]),
    array([[ 0.00013323, -0.00039706]]),
    array([[ 0.00013057, -0.00038912]]),
    array([[ 0.00012795, -0.00038134]]),
    array([[ 0.0001254 , -0.00037371]]),
    array([[ 0.00012289, -0.00036624]]),
    array([[ 0.00012043, -0.00035891]]),
    array([[ 0.00011802, -0.00035173]]),
    array([[ 0.00011566, -0.0003447 ]]),
    array([[ 0.00011335, -0.0003378 ]]),
    array([[ 0.00011108, -0.00033105]]),
    array([[ 0.00010886, -0.00032443]]),
    array([[ 0.00010668, -0.00031794]]),
    array([[ 0.00010455, -0.00031158]]),
    array([[ 0.00010246, -0.00030535]]),
    array([[ 0.00010041, -0.00029924]]),
    array([[ 9.83998223e-05, -2.93255912e-04]]),
    array([[ 9.64318259e-05, -2.87390794e-04]]),
    array([[ 9.45031893e-05, -2.81642978e-04]]),
    array([[ 9.26131256e-05, -2.76010118e-04]]),
    array([[ 9.07608630e-05, -2.70489916e-04]]),
    array([[ 8.89456458e-05, -2.65080118e-04]]),
    array([[ 8.71667329e-05, -2.59778515e-04]]),
    array([[ 8.54233982e-05, -2.54582945e-04]]),
    array([[ 8.37149302e-05, -2.49491286e-04]]),
    array([[ 8.20406316e-05, -2.44501460e-04]]),
    array([[ 8.03998190e-05, -2.39611431e-04]]),
    array([[ 7.87918226e-05, -2.34819203e-04]]),
    array([[ 7.72159862e-05, -2.30122819e-04]]),
    array([[ 7.56716664e-05, -2.25520362e-04]]),
    array([[ 7.41582331e-05, -2.21009955e-04]]),
    array([[ 7.26750685e-05, -2.16589756e-04]]),
    array([[ 7.12215671e-05, -2.12257961e-04]]),
    array([[ 6.97971357e-05, -2.08012802e-04]]),
    array([[ 6.84011930e-05, -2.03852546e-04]]),
    array([[ 6.70331692e-05, -1.99775495e-04]]),
    array([[ 6.56925058e-05, -1.95779985e-04]]),
    array([[ 6.43786557e-05, -1.91864385e-04]]),
    array([[ 6.30910826e-05, -1.88027097e-04]]),
    array([[ 6.18292609e-05, -1.84266555e-04]]),
    array([[ 6.05926757e-05, -1.80581224e-04]]),
    array([[ 5.93808222e-05, -1.76969600e-04]]),
    array([[ 5.81932057e-05, -1.73430208e-04]]),
    array([[ 5.70293416e-05, -1.69961604e-04]]),
    array([[ 5.58887548e-05, -1.66562372e-04]]),
    array([[ 5.47709797e-05, -1.63231124e-04]])]