40 48 50 54 56 59
62 63 67 67 69 70 71
73 73 76 77 80 81 81 82
83 84 86 86 87 88 88 88 88 88 89
90 90 91 93 94 95 96
97 97 98 99 99 100 100 100 100 101 101 101 102 102
103 103 103 103 103 104 104 104 105 105 106 106 106 107 108
109 109 110 110 110 111 111 111 112 113 113 114 114
115 116 116 117 118 118 118 119 119 120 120 120
121 121 123 123 124 124 124 125 125 126 126 126 126 126 127 127 127 127
128 128 128 128 129 129 129 129 129 129 130 130 130 130 131 131 132 133 133 133
134 134 134 134 135 135 135 136 136 136 136 137 137 137 138 139 139
140 140 141 141 141 141 141 142 144 144 144 144 144 145 145 146 146 146 146
147 147 147 147 148 148 148 148 149 150 151 151 151 151 152 152
153 155 156 157 158 158 160
161 162 162 163 163 164 165 165 166
168 169 171 171 172 172 174 177 177